UFitBit output: 	Fri, Jan 18 2013 - 00:00:00 Fri, Jan 18 2013 - 23:59:59
Timestamp:	1.35846363E12	1.35855001E12	Steps	activescore	floors	calories
4115	364	6	0
------------	ACTIVITY
Lightly active	5940	1:39:00
Fairly active	2592	0:43:12
Very active	792	0:13:12
------------	STEPS
time	steps	activity, floors
00:05:00	0	1	0
00:10:00	155	11	2
00:15:00	599	28	0
00:20:00	690	34	0
00:25:00	633	28	0
00:30:00	10	3	0
00:35:00	0	0	0
00:40:00	0	0	0
00:45:00	0	0	0
00:50:00	0	0	0
00:55:00	143	9	1
01:00:00	0	0	0
01:05:00	47	6	0
01:10:00	184	15	0
01:15:00	77	9	0
01:20:00	74	6	0
01:25:00	89	6	1
01:30:00	79	6	0
01:35:00	0	0	0
01:40:00	0	0	0
01:45:00	0	0	0
01:50:00	0	0	0
01:55:00	13	3	0
02:00:00	0	1	0
02:05:00	0	0	0
02:10:00	0	0	0
02:15:00	0	0	0
02:20:00	0	0	0
02:25:00	0	0	0
02:30:00	0	0	0
02:35:00	0	0	0
02:40:00	0	0	0
02:45:00	0	0	0
02:50:00	0	0	0
02:55:00	0	0	0
03:00:00	0	0	0
03:05:00	0	0	0
03:10:00	0	0	0
03:15:00	0	0	0
03:20:00	0	0	0
03:25:00	0	0	0
03:30:00	0	0	0
03:35:00	0	0	0
03:40:00	0	1	0
03:45:00	6	3	0
03:50:00	0	0	0
03:55:00	0	0	0
04:00:00	0	0	0
04:05:00	19	3	0
04:10:00	12	3	0
04:15:00	0	0	0
04:20:00	0	0	0
04:25:00	0	0	0
04:30:00	0	0	0
04:35:00	0	0	0
04:40:00	0	0	0
04:45:00	0	0	0
04:50:00	0	1	0
04:55:00	0	0	0
05:00:00	0	0	0
05:05:00	0	0	0
05:10:00	0	0	0
05:15:00	31	4	0
05:20:00	60	8	0
05:25:00	0	0	0
05:30:00	0	0	0
05:35:00	0	0	0
05:40:00	0	0	0
05:45:00	0	0	0
05:50:00	0	0	0
05:55:00	0	0	0
06:00:00	0	0	0
06:05:00	0	0	0
06:10:00	0	0	0
06:15:00	0	0	0
06:20:00	0	0	0
06:25:00	0	0	0
06:30:00	0	0	0
06:35:00	0	0	0
06:40:00	0	0	0
06:45:00	0	0	0
06:50:00	0	0	0
06:55:00	0	0	0
07:00:00	0	0	0
07:05:00	0	0	0
07:10:00	0	0	0
07:15:00	0	0	0
07:20:00	0	0	0
07:25:00	0	0	0
07:30:00	0	0	0
07:35:00	0	0	0
07:40:00	0	0	0
07:45:00	0	0	0
07:50:00	0	0	0
07:55:00	0	0	0
08:00:00	0	0	0
08:05:00	0	0	0
08:10:00	0	0	0
08:15:00	0	0	0
08:20:00	0	0	0
08:25:00	0	0	0
08:30:00	0	0	0
08:35:00	0	0	0
08:40:00	0	0	0
08:45:00	0	0	0
08:50:00	0	0	0
08:55:00	0	1	0
09:00:00	0	0	0
09:05:00	0	0	0
09:10:00	0	2	0
09:15:00	0	0	0
09:20:00	0	0	0
09:25:00	15	6	0
09:30:00	0	2	0
09:35:00	0	0	0
09:40:00	0	0	0
09:45:00	0	0	0
09:50:00	0	0	0
09:55:00	0	0	0
10:00:00	0	0	0
10:05:00	0	0	0
10:10:00	0	0	0
10:15:00	0	0	0
10:20:00	0	0	0
10:25:00	0	0	0
10:30:00	0	0	0
10:35:00	0	0	0
10:40:00	0	0	0
10:45:00	0	0	0
10:50:00	0	0	0
10:55:00	0	0	0
11:00:00	0	0	0
11:05:00	0	0	0
11:10:00	0	0	0
11:15:00	0	0	0
11:20:00	0	0	0
11:25:00	0	0	0
11:30:00	0	0	0
11:35:00	0	0	0
11:40:00	0	0	0
11:45:00	0	0	0
11:50:00	0	0	0
11:55:00	0	0	0
12:00:00	0	0	0
12:05:00	0	0	0
12:10:00	0	0	0
12:15:00	0	0	0
12:20:00	0	0	0
12:25:00	0	0	0
12:30:00	0	0	0
12:35:00	0	0	0
12:40:00	0	0	0
12:45:00	0	0	0
12:50:00	0	0	0
12:55:00	0	0	0
13:00:00	0	0	0
13:05:00	0	0	0
13:10:00	0	0	0
13:15:00	0	0	0
13:20:00	0	0	0
13:25:00	0	0	0
13:30:00	0	0	0
13:35:00	0	0	0
13:40:00	0	0	0
13:45:00	0	0	0
13:50:00	0	0	0
13:55:00	0	0	0
14:00:00	0	0	0
14:05:00	0	0	0
14:10:00	0	0	0
14:15:00	0	0	0
14:20:00	0	0	0
14:25:00	0	0	0
14:30:00	0	0	0
14:35:00	0	0	0
14:40:00	0	0	0
14:45:00	0	0	0
14:50:00	0	0	0
14:55:00	0	0	0
15:00:00	0	0	0
15:05:00	0	0	0
15:10:00	0	0	0
15:15:00	0	0	0
15:20:00	0	0	0
15:25:00	0	0	0
15:30:00	0	0	0
15:35:00	0	0	0
15:40:00	0	0	0
15:45:00	0	0	0
15:50:00	0	0	0
15:55:00	0	0	0
16:00:00	0	0	0
16:05:00	0	0	0
16:10:00	0	0	0
16:15:00	0	0	0
16:20:00	0	0	0
16:25:00	0	0	0
16:30:00	0	0	0
16:35:00	23	5	0
16:40:00	0	2	0
16:45:00	0	0	0
16:50:00	0	0	0
16:55:00	0	2	0
17:00:00	0	0	0
17:05:00	0	0	0
17:10:00	0	2	0
17:15:00	0	0	0
17:20:00	0	2	0
17:25:00	0	0	0
17:30:00	0	0	0
17:35:00	0	0	0
17:40:00	0	0	0
17:45:00	0	2	0
17:50:00	34	4	0
17:55:00	16	2	0
18:00:00	74	7	0
18:05:00	0	0	0
18:10:00	0	0	0
18:15:00	0	0	0
18:20:00	0	0	0
18:25:00	0	0	0
18:30:00	0	0	0
18:35:00	24	4	0
18:40:00	0	1	0
18:45:00	43	5	1
18:50:00	10	2	0
18:55:00	0	3	0
19:00:00	0	1	0
19:05:00	0	0	0
19:10:00	10	2	0
19:15:00	10	4	0
19:20:00	53	9	0
19:25:00	0	0	0
19:30:00	33	4	0
19:35:00	10	3	1
19:40:00	48	4	0
19:45:00	224	10	0
19:50:00	125	12	0
19:55:00	95	6	0
20:00:00	0	0	0
20:05:00	29	4	0
20:10:00	0	2	0
20:15:00	8	2	0
20:20:00	9	2	0
20:25:00	20	6	0
20:30:00	49	3	0
20:35:00	41	7	0
20:40:00	17	2	0
20:45:00	0	2	0
20:50:00	0	2	0
20:55:00	0	2	0
21:00:00	0	0	0
21:05:00	0	0	0
21:10:00	0	2	0
21:15:00	0	0	0
21:20:00	19	1	0
21:25:00	39	3	0
21:30:00	19	3	0
21:35:00	0	0	0
21:40:00	17	0	0
21:45:00	0	4	0
21:50:00	0	1	0
21:55:00	0	1	0
22:00:00	20	1	0
22:05:00	0	0	0
22:10:00	0	0	0
22:15:00	29	0	0
22:20:00	0	0	0
22:25:00	0	1	0
22:30:00	0	0	0
22:35:00	0	0	0
22:40:00	0	2	0
22:45:00	0	0	0
22:50:00	0	0	0
22:55:00	0	0	0
23:00:00	0	2	0
23:05:00	0	0	0
23:10:00	0	0	0
23:15:00	0	2	0
23:20:00	0	0	0
23:25:00	0	0	0
23:30:00	0	0	0
23:35:00	0	2	0
23:40:00	0	0	0
23:45:00	14	0	0
23:50:00	0	2	0
23:55:00	17	2	0
------------	SLEEP
sleep=0
